0 0.272701 0.109842 0.042179 0.029877
0 0.451963 0.097540 0.044523 0.052724
0 0.322496 0.160369 0.038664 0.036028
0 0.606937 0.098858 0.076645 0.043937
0 0.776338 0.177028 0.056141 0.042838
0 0.738991 0.209798 0.050771 0.035149
0 0.551528 0.157989 0.040031 0.028193
0 0.139255 0.142611 0.053212 0.036248
0 0.058948 0.183985 0.038079 0.032586
0 0.179042 0.174649 0.038079 0.039543
0 0.350884 0.224627 0.039055 0.039909
0 0.222735 0.242018 0.056141 0.033685
0 0.121192 0.220233 0.028803 0.019405
0 0.088728 0.280829 0.067370 0.032220
0 0.044791 0.355155 0.030268 0.026362
0 0.124365 0.361929 0.029291 0.025264
0 0.182948 0.313232 0.057606 0.041374
0 0.297671 0.336482 0.079086 0.046134
0 0.450962 0.331905 0.042960 0.033319
0 0.422891 0.267831 0.063952 0.053822
0 0.486843 0.211995 0.052236 0.040275
0 0.543717 0.240737 0.063464 0.049429
0 0.626465 0.241469 0.035638 0.028193
0 0.787810 0.291630 0.081039 0.043571
0 0.909612 0.195335 0.085433 0.056019
0 0.601567 0.327146 0.055165 0.030390
0 0.408245 0.412456 0.051260 0.034783
0 0.286443 0.437354 0.060535 0.044303
0 0.199302 0.433326 0.040519 0.030390
0 0.173184 0.410259 0.034173 0.027460
0 0.125342 0.471588 0.076157 0.071031
0 0.028611 0.444267 0.038268 0.030476
0 0.085066 0.575205 0.052236 0.045401
0 0.263987 0.497400 0.039055 0.026728
0 0.385301 0.467743 0.061023 0.036248
0 0.559827 0.448887 0.072252 0.039543
0 0.468048 0.461519 0.085921 0.048697
0 0.673819 0.406598 0.058094 0.034783
0 0.754369 0.466645 0.044425 0.028925
0 0.829550 0.455844 0.068834 0.051992
0 0.062854 0.653742 0.039055 0.029657
0 0.091657 0.630126 0.054677 0.025630
0 0.157318 0.579782 0.037590 0.028193
0 0.201499 0.546829 0.073228 0.029657
0 0.272042 0.545548 0.061023 0.033685
0 0.223955 0.582894 0.076157 0.039543
0 0.371143 0.523946 0.065905 0.061511
0 0.479765 0.549392 0.038079 0.019405
0 0.515646 0.529621 0.055165 0.066271
0 0.599370 0.528339 0.069322 0.041008
0 0.753149 0.524495 0.045889 0.027460
0 0.590339 0.575754 0.046378 0.030390
0 0.831991 0.579965 0.069811 0.076889
0 0.821739 0.634337 0.068834 0.044303
0 0.947447 0.550491 0.048819 0.026728
0 0.982108 0.690722 0.034173 0.018673
0 0.857621 0.772005 0.053700 0.032586
0 0.749487 0.688525 0.090314 0.061145
0 0.675039 0.632506 0.034173 0.020870
0 0.521505 0.633421 0.029779 0.021236
0 0.418986 0.605961 0.030756 0.019772
0 0.341852 0.604496 0.041496 0.026362
0 0.233719 0.632323 0.043937 0.027827
0 0.199790 0.657037 0.022945 0.019405
0 0.011411 0.655390 0.022822 0.039543
0 0.013364 0.538591 0.026728 0.044669
0 0.140720 0.707931 0.032708 0.019405
0 0.305482 0.692370 0.055653 0.043937
0 0.380907 0.687061 0.027827 0.023067
0 0.452670 0.681752 0.035638 0.032220
0 0.514670 0.739602 0.070787 0.046866
0 0.558607 0.660332 0.048330 0.022335
0 0.419962 0.765231 0.040519 0.024897
0 0.302797 0.742714 0.073716 0.041374
0 0.215412 0.758458 0.041496 0.029657
0 0.116310 0.780426 0.040519 0.031854
0 0.015805 0.752233 0.031610 0.018673
0 0.025508 0.847430 0.036614 0.017209
0 0.156830 0.854936 0.046378 0.045401
0 0.248853 0.880565 0.032220 0.019039
0 0.311341 0.842121 0.027338 0.030023
0 0.046500 0.929445 0.030756 0.024531
0 0.387742 0.840107 0.047354 0.020138
0 0.322325 0.929994 0.032708 0.016842
0 0.528583 0.889353 0.034173 0.026362
0 0.461214 0.887888 0.040031 0.030756
0 0.597906 0.943541 0.028315 0.023433
0 0.596441 0.838642 0.059559 0.034051
0 0.741676 0.845233 0.037590 0.022335
0 0.776582 0.922305 0.055653 0.053456
0 0.882518 0.896309 0.032220 0.020504
0 0.983975 0.912603 0.032049 0.021602
0 0.988857 0.822532 0.022286 0.025264
0 0.959704 0.370010 0.065277 0.038288