0 0.112185 0.133128 0.126538 0.095782
0 0.363503 0.084798 0.111306 0.083480
0 0.929408 0.080844 0.115993 0.077329
0 0.314880 0.204745 0.128881 0.082601
0 0.672232 0.173550 0.157001 0.094025
0 0.484769 0.197276 0.185120 0.111599
0 0.077622 0.260105 0.083187 0.057996
0 0.105741 0.362039 0.123023 0.072056
0 0.289690 0.325571 0.130053 0.125659
0 0.498243 0.380931 0.076157 0.037786
0 0.574985 0.343146 0.110135 0.130931
0 0.739016 0.342707 0.140598 0.072056
0 0.707381 0.433216 0.093732 0.054482
0 0.855595 0.539104 0.057411 0.043058
0 0.945665 0.641476 0.108670 0.101933
0 0.382835 0.481986 0.067955 0.041301
0 0.244581 0.478471 0.079672 0.050088
0 0.048330 0.519772 0.087873 0.048330
0 0.047305 0.434095 0.094610 0.073814
0 0.573228 0.534710 0.050381 0.041301
0 0.636497 0.584798 0.078500 0.041301
0 0.443175 0.615114 0.069127 0.063269
0 0.320738 0.617311 0.051552 0.034271
0 0.187170 0.624780 0.100762 0.072056
0 0.182484 0.708260 0.126538 0.079086
0 0.038957 0.729350 0.071470 0.047452
0 0.205917 0.857645 0.049209 0.047452
0 0.383421 0.743849 0.069127 0.036028
0 0.330697 0.857206 0.085530 0.036028
0 0.104569 0.910369 0.055067 0.033392
0 0.229350 0.984622 0.058582 0.030756
0 0.449619 0.931019 0.070299 0.044815
0 0.560340 0.937610 0.062097 0.038664
0 0.673989 0.866872 0.104277 0.055360
0 0.919449 0.884007 0.077329 0.033392
0 0.957967 0.978032 0.084066 0.043936
0 0.553310 0.713533 0.132396 0.070299